9 9 9 9 9 9 9 9 9 
7 7 7 7 7 7 7 7 9 
6 3 5 5 5 5 8 7 9 
6 3 2 1 4 5 8 7 9 
6 3 2 2 4 5 8 7 9 
6 3 4 4 4 5 8 7 9 
6 3 3 3 3 3 8 7 9 
6 6 6 6 6 6 8 7 9 
8 8 8 8 8 8 8 7 9 
-------------
{2, 9}, {2, 7}, {0, 8}, {1, 6}, {1, 3}, {2, 5}, {0, 4}, {1, 2}, {0, 1}, 
9 9 9 9 9 9 9 9 9 
7 7 7 7 7 7 7 7 9 
6 3 5 5 5 5 8 7 9 
6 3 4 4 4 5 8 7 9 
6 3 2 2 4 5 8 7 9 
6 3 2 1 4 5 8 7 9 
6 3 3 3 3 3 8 7 9 
6 6 6 6 6 6 8 7 9 
8 8 8 8 8 8 8 7 9 
-------------
{2, 9}, {2, 7}, {0, 8}, {1, 6}, {1, 3}, {2, 5}, {2, 4}, {3, 2}, {0, 1}, 
9 9 9 9 9 9 9 9 9 
7 7 7 7 7 7 7 7 9 
5 5 5 5 5 5 8 7 9 
5 4 4 4 4 4 8 7 9 
5 1 2 3 6 4 8 7 9 
5 2 2 3 6 4 8 7 9 
5 3 3 3 6 4 8 7 9 
5 6 6 6 6 4 8 7 9 
8 8 8 8 8 8 8 7 9 
-------------
{2, 9}, {2, 7}, {0, 8}, {3, 5}, {2, 4}, {0, 6}, {0, 3}, {0, 2}, {0, 1}, 
9 9 9 9 9 9 9 9 9 
7 7 7 7 7 7 7 7 9 
5 5 5 5 5 5 8 7 9 
5 4 4 4 4 4 8 7 9 
5 2 1 3 6 4 8 7 9 
5 2 2 3 6 4 8 7 9 
5 3 3 3 6 4 8 7 9 
5 6 6 6 6 4 8 7 9 
8 8 8 8 8 8 8 7 9 
-------------
{2, 9}, {2, 7}, {0, 8}, {3, 5}, {2, 4}, {0, 6}, {0, 3}, {1, 2}, {0, 1}, 
9 9 9 9 9 9 9 9 9 
7 7 7 7 7 7 7 7 9 
5 5 5 5 5 5 8 7 9 
5 4 4 4 4 4 8 7 9 
5 2 2 3 6 4 8 7 9 
5 1 2 3 6 4 8 7 9 
5 3 3 3 6 4 8 7 9 
5 6 6 6 6 4 8 7 9 
8 8 8 8 8 8 8 7 9 
-------------
{2, 9}, {2, 7}, {0, 8}, {3, 5}, {2, 4}, {0, 6}, {0, 3}, {2, 2}, {0, 1}, 
9 9 9 9 9 9 9 9 9 
7 7 7 7 7 7 7 7 9 
5 5 5 5 5 5 8 7 9 
5 4 4 4 4 4 8 7 9 
5 2 2 3 6 4 8 7 9 
5 2 1 3 6 4 8 7 9 
5 3 3 3 6 4 8 7 9 
5 6 6 6 6 4 8 7 9 
8 8 8 8 8 8 8 7 9 
-------------
{2, 9}, {2, 7}, {0, 8}, {3, 5}, {2, 4}, {0, 6}, {0, 3}, {3, 2}, {0, 1}, 
9 9 9 9 9 9 9 9 9 
7 7 7 7 7 7 7 7 9 
5 5 5 5 5 5 8 7 9 
5 4 4 4 4 4 8 7 9 
5 3 1 2 6 4 8 7 9 
5 3 2 2 6 4 8 7 9 
5 3 3 3 6 4 8 7 9 
5 6 6 6 6 4 8 7 9 
8 8 8 8 8 8 8 7 9 
-------------
{2, 9}, {2, 7}, {0, 8}, {3, 5}, {2, 4}, {0, 6}, {1, 3}, {0, 2}, {0, 1}, 
9 9 9 9 9 9 9 9 9 
7 7 7 7 7 7 7 7 9 
5 5 5 5 5 5 8 7 9 
5 4 4 4 4 4 8 7 9 
5 3 2 2 6 4 8 7 9 
5 3 2 1 6 4 8 7 9 
5 3 3 3 6 4 8 7 9 
5 6 6 6 6 4 8 7 9 
8 8 8 8 8 8 8 7 9 
-------------
{2, 9}, {2, 7}, {0, 8}, {3, 5}, {2, 4}, {0, 6}, {1, 3}, {3, 2}, {0, 1}, 
9 9 9 9 9 9 9 9 9 
7 7 7 7 7 7 7 7 9 
5 5 5 5 5 5 8 7 9 
5 4 4 4 4 4 8 7 9 
5 3 3 3 6 4 8 7 9 
5 3 1 2 6 4 8 7 9 
5 3 2 2 6 4 8 7 9 
5 6 6 6 6 4 8 7 9 
8 8 8 8 8 8 8 7 9 
-------------
{2, 9}, {2, 7}, {0, 8}, {3, 5}, {2, 4}, {0, 6}, {3, 3}, {0, 2}, {0, 1}, 
9 9 9 9 9 9 9 9 9 
7 7 7 7 7 7 7 7 9 
5 5 5 5 5 5 8 7 9 
5 4 4 4 4 4 8 7 9 
5 3 3 3 6 4 8 7 9 
5 3 2 1 6 4 8 7 9 
5 3 2 2 6 4 8 7 9 
5 6 6 6 6 4 8 7 9 
8 8 8 8 8 8 8 7 9 
-------------
{2, 9}, {2, 7}, {0, 8}, {3, 5}, {2, 4}, {0, 6}, {3, 3}, {1, 2}, {0, 1}, 
9 9 9 9 9 9 9 9 9 
7 7 7 7 7 7 7 7 9 
5 5 5 5 5 5 8 7 9 
5 4 4 4 4 4 8 7 9 
5 3 3 3 6 4 8 7 9 
5 3 2 2 6 4 8 7 9 
5 3 1 2 6 4 8 7 9 
5 6 6 6 6 4 8 7 9 
8 8 8 8 8 8 8 7 9 
-------------
{2, 9}, {2, 7}, {0, 8}, {3, 5}, {2, 4}, {0, 6}, {3, 3}, {2, 2}, {0, 1}, 
9 9 9 9 9 9 9 9 9 
7 7 7 7 7 7 7 7 9 
5 5 5 5 5 5 8 7 9 
5 4 4 4 4 4 8 7 9 
5 3 3 3 6 4 8 7 9 
5 3 2 2 6 4 8 7 9 
5 3 2 1 6 4 8 7 9 
5 6 6 6 6 4 8 7 9 
8 8 8 8 8 8 8 7 9 
-------------
{2, 9}, {2, 7}, {0, 8}, {3, 5}, {2, 4}, {0, 6}, {3, 3}, {3, 2}, {0, 1}, 
